.PHY
4
r:20.98:8.02:5.0:5.0:true
b:23.066084511107:6.044482687174678:1.0:1.0:0.0:0.0
w:15.7:17.98:15.8:0.9600000000000009
w:21.06:13.06:4.920000000000002:4.959999999999999
