.PHY
3
b:24.1:5.9399999999999995:1.0:1.0:10.0:0.0
b:27.06:6.02:1.0:1.0:-10.0:0.0
w:17.06:10.059999999999999:7.0:1.0
